
metric                  DRControllerSynthesis        main.py                    delta                rel_delta
objective               878.6000000000000            878.5714094275286          +2.8591e-02          3.2542e-05
gamma                   0.5000000000000              0.5000000000000            +0.0000e+00          0.0000e+00
lambda                  1164.0230969196420           1164.0233647044704         -2.6778e-04          2.3005e-07
spectral_radius_Acl     0.9927415523089639           0.9927207402650818         +2.0812e-05          2.0812e-05


block   shape      ‖Δ‖F           max|Δ|         mean|Δ|        ‖main‖F        rel_Fro
Ac      (7, 7)     5.0990e-02     2.8257e-02     4.5176e-03    1.9468e+00     2.6191e-02
Bc      (7, 3)     1.7642e+02     1.6046e+02     1.5615e+01    3.1990e+03     5.5147e-02
Cc      (1, 7)     2.4766e-04     1.7299e-04     7.0094e-05    6.7342e-03     3.6776e-02
Dc      (1, 3)     8.5646e-03     8.5645e-03     2.8667e-03    2.9742e-01     2.8797e-02


----------------------------------------------------------------------------

DRControllerSynthesis.py

    -------------------------------------------------------------------------------
                                        Summary
    -------------------------------------------------------------------------------
    (CVXPY) Oct 28 11:52:23 AM: Problem status: optimal
    (CVXPY) Oct 28 11:52:23 AM: Optimal value: 8.786e+02
    (CVXPY) Oct 28 11:52:23 AM: Compilation took 1.011e-01 seconds
    (CVXPY) Oct 28 11:52:23 AM: Solver (including time spent in interface) took 3.246e+00 seconds
    MOSEK status: optimal


    spectral radius:                    0.9927415523089639
    gamma =                             0.5
    lambda =                            1164.023096919642

    Closed-loop system is stable:
        [0.96908786 0.96908786 0.10988128 0.10988128 0.02957149 0.00548652
        0.98337934 0.98337934 0.99274155 0.88989344 0.91068146 0.95865066
        0.70471257 0.70471257]

    Sigma_nom =
        [[1. 0. 0. 0. 0. 0. 0. 0. 0. 0. 0. 0.]
        [0. 1. 0. 0. 0. 0. 0. 0. 0. 0. 0. 0.]
        [0. 0. 1. 0. 0. 0. 0. 0. 0. 0. 0. 0.]
        [0. 0. 0. 1. 0. 0. 0. 0. 0. 0. 0. 0.]
        [0. 0. 0. 0. 1. 0. 0. 0. 0. 0. 0. 0.]
        [0. 0. 0. 0. 0. 1. 0. 0. 0. 0. 0. 0.]
        [0. 0. 0. 0. 0. 0. 1. 0. 0. 0. 0. 0.]
        [0. 0. 0. 0. 0. 0. 0. 1. 0. 0. 0. 0.]
        [0. 0. 0. 0. 0. 0. 0. 0. 1. 0. 0. 0.]
        [0. 0. 0. 0. 0. 0. 0. 0. 0. 1. 0. 0.]
        [0. 0. 0. 0. 0. 0. 0. 0. 0. 0. 1. 0.]
        [0. 0. 0. 0. 0. 0. 0. 0. 0. 0. 0. 1.]]

    A_c =
        [[ 7.41951939e-02  7.48902554e-01  5.40436949e-01 -9.44944362e-02
        -4.65583196e-02 -9.12985492e-03  2.24469222e-01]
        [ 8.90213582e-03  8.61554698e-01 -5.09543223e-02 -6.75319524e-02
        -2.05278299e-02  2.71788650e-03 -3.62718792e-02]
        [ 1.22408261e-01 -9.51616138e-02  8.72321875e-01  1.28927860e-01
        3.46290674e-02 -1.88836835e-02  8.32630512e-03]
        [ 2.70458027e-02 -3.96604317e-02  5.74932182e-02  8.87582900e-02
        2.90190131e-02 -1.50508859e-01 -1.04542957e-01]
        [ 1.57443435e-02 -2.64499321e-02  1.33608265e-03 -2.37637671e-02
        9.05401690e-03  3.92452564e-01 -9.62124544e-02]
        [ 7.67546215e-04 -1.16140889e-03 -3.56772952e-03  2.24351887e-02
        -2.25983577e-02 -1.29330396e-02 -5.91523258e-03]
        [-1.37062973e-01  2.27215896e-01  2.05964391e-01 -3.83517559e-01
        -1.68717217e-01  2.87927483e-02  8.94668453e-01]]

    B_c =
        [[ 6.90079111e+01 -2.76662044e+01 -2.82849047e-01]
        [ 4.74250084e+02  2.45190433e+02  2.33621453e+00]
        [ 6.43389424e+02 -3.99184359e+02 -1.93346092e+01]
        [ 3.73366894e+02 -1.96343987e+02  6.01597422e+02]
        [ 2.74558042e+02 -4.05796517e+01 -1.72125535e+03]
        [ 1.63183602e+01  2.95769931e+00  6.11638060e+01]
        [-2.58533511e+03 -7.63961758e+01 -6.34210298e+01]]

    C_c =
        [[-2.98116453e-03  4.63875901e-03  3.15983113e-03 -5.96039528e-04
        -2.89436378e-04 -3.95516020e-05  1.38140941e-03]]

    D_c =
        [[ 0.30597747  0.00070314 -0.00113345]]

    A_cl =
        [[ 9.99861670e-01  1.22964189e-05  2.76063400e-07 -8.02852627e-06
        -1.98951167e-07 -1.20633524e-03 -2.45808305e-05  1.29954133e-07
        -2.02211551e-07 -1.37742519e-07  2.59823968e-08  1.26170337e-08
        1.72412293e-09 -6.02180320e-08]
        [ 1.15836968e-04  9.51612651e-01  4.84182603e-02 -4.54741670e-10
        2.53647878e-08 -1.20457748e-03 -1.72066246e-05  6.67288711e-08
        -1.03831623e-07 -7.07280532e-08  1.33414457e-08  6.47859672e-09
        8.85302948e-10 -3.09207657e-08]
        [ 4.31503693e-03 -1.90953931e+00  9.21204764e-01 -2.48855519e-08
        1.94984423e-06 -4.67006807e-02 -9.63684734e-04  5.12957790e-06
        -7.98173847e-06 -5.43700279e-06  1.02558284e-06  4.98022310e-07
        6.80549567e-08 -2.37693930e-06]
        [ 9.30716922e-07  4.51056383e-12 -1.44083482e-10  2.04616572e-02
        3.08688263e-02 -9.73032487e-06 -1.50528634e-07  6.11131438e-10
        -9.50934251e-10 -6.47757652e-10  1.22186645e-10  5.93337496e-11
        8.10798168e-12 -2.83185550e-10]
        [ 2.62605054e-05  2.46046028e-10 -1.05798102e-08 -3.04354278e+01
        -1.83095713e-02 -2.93660233e-04 -7.62292400e-06  4.48750624e-08
        -6.98266055e-08 -4.75645062e-08  8.97210158e-09  4.35684626e-09
        5.95364861e-10 -2.07941670e-08]
        [ 3.00859876e-02  0.00000000e+00  6.91380581e-05  0.00000000e+00
        -1.11449644e-04  9.01672541e-01  3.44904321e-02 -2.93130334e-04
        4.56117387e-04  3.10698166e-04 -5.86070524e-05 -2.84595437e-05
        -3.88900854e-06  1.35830477e-04]
        [ 1.05532953e+00  0.00000000e+00  2.42516334e-03  0.00000000e+00
        -3.90933153e-03 -3.44904321e+00  4.18806491e-01 -1.02821653e-02
        1.59992802e-02  1.08983941e-02 -2.05576609e-03 -9.98278575e-04
        -1.36415184e-04  4.76454073e-03]
        [ 6.90079111e+01  0.00000000e+00 -2.76662044e+01  0.00000000e+00
        -2.82849047e-01  0.00000000e+00  0.00000000e+00  7.41951939e-02
        7.48902554e-01  5.40436949e-01 -9.44944362e-02 -4.65583196e-02
        -9.12985492e-03  2.24469222e-01]
        [ 4.74250084e+02  0.00000000e+00  2.45190433e+02  0.00000000e+00
        2.33621453e+00  0.00000000e+00  0.00000000e+00  8.90213582e-03
        8.61554698e-01 -5.09543223e-02 -6.75319524e-02 -2.05278299e-02
        2.71788650e-03 -3.62718792e-02]
        [ 6.43389424e+02  0.00000000e+00 -3.99184359e+02  0.00000000e+00
        -1.93346092e+01  0.00000000e+00  0.00000000e+00  1.22408261e-01
        -9.51616138e-02  8.72321875e-01  1.28927860e-01  3.46290674e-02
        -1.88836835e-02  8.32630512e-03]
        [ 3.73366894e+02  0.00000000e+00 -1.96343987e+02  0.00000000e+00
        6.01597422e+02  0.00000000e+00  0.00000000e+00  2.70458027e-02
        -3.96604317e-02  5.74932182e-02  8.87582900e-02  2.90190131e-02
        -1.50508859e-01 -1.04542957e-01]
        [ 2.74558042e+02  0.00000000e+00 -4.05796517e+01  0.00000000e+00
        -1.72125535e+03  0.00000000e+00  0.00000000e+00  1.57443435e-02
        -2.64499321e-02  1.33608265e-03 -2.37637671e-02  9.05401690e-03
        3.92452564e-01 -9.62124544e-02]
        [ 1.63183602e+01  0.00000000e+00  2.95769931e+00  0.00000000e+00
        6.11638060e+01  0.00000000e+00  0.00000000e+00  7.67546215e-04
        -1.16140889e-03 -3.56772952e-03  2.24351887e-02 -2.25983577e-02
        -1.29330396e-02 -5.91523258e-03]
        [-2.58533511e+03  0.00000000e+00 -7.63961758e+01  0.00000000e+00
        -6.34210298e+01  0.00000000e+00  0.00000000e+00 -1.37062973e-01
        2.27215896e-01  2.05964391e-01 -3.83517559e-01 -1.68717217e-01
        2.87927483e-02  8.94668453e-01]]

----------------------------------------------------------------------------

main.py


    -------------------------------------------------------------------------------
                                        Summary
    -------------------------------------------------------------------------------
    (CVXPY) Oct 28 12:08:33 PM: Problem status: optimal
    (CVXPY) Oct 28 12:08:33 PM: Optimal value: 8.786e+02
    (CVXPY) Oct 28 12:08:33 PM: Compilation took 1.069e-01 seconds
    (CVXPY) Oct 28 12:08:33 PM: Solver (including time spent in interface) took 6.045e-01 seconds
    MOSEK status: optimal

    spectral radius:                    0.9927207402650818
    gamma =                             0.5
    lambda =                            1164.0233647044704

    Closed-loop system is stable
        [0.96908786 0.96908786 0.98337929 0.98337929 0.99272074 0.89435229
        0.91091168 0.95768946 0.70471547 0.70471547 0.11363678 0.11363678
        0.02952999 0.00799563]
        
    Sigma_nom =
        [[1. 0. 0. 0. 0. 0. 0. 0. 0. 0. 0. 0.]
        [0. 1. 0. 0. 0. 0. 0. 0. 0. 0. 0. 0.]
        [0. 0. 1. 0. 0. 0. 0. 0. 0. 0. 0. 0.]
        [0. 0. 0. 1. 0. 0. 0. 0. 0. 0. 0. 0.]
        [0. 0. 0. 0. 1. 0. 0. 0. 0. 0. 0. 0.]
        [0. 0. 0. 0. 0. 1. 0. 0. 0. 0. 0. 0.]
        [0. 0. 0. 0. 0. 0. 1. 0. 0. 0. 0. 0.]
        [0. 0. 0. 0. 0. 0. 0. 1. 0. 0. 0. 0.]
        [0. 0. 0. 0. 0. 0. 0. 0. 1. 0. 0. 0.]
        [0. 0. 0. 0. 0. 0. 0. 0. 0. 1. 0. 0.]
        [0. 0. 0. 0. 0. 0. 0. 0. 0. 0. 1. 0.]
        [0. 0. 0. 0. 0. 0. 0. 0. 0. 0. 0. 1.]]

    A_c =
        [[ 7.42989333e-02  7.25766269e-01  5.49747368e-01 -9.50311957e-02
        -4.55852191e-02 -9.11336245e-03  2.36216801e-01]
        [ 7.09792175e-03  8.63850798e-01 -5.16010921e-02 -7.20109179e-02
        -2.22940341e-02  3.17920122e-03 -3.76083908e-02]
        [ 1.27260127e-01 -9.64721117e-02  8.67931088e-01  1.30878975e-01
        3.62047813e-02 -1.91055728e-02  3.73342992e-03]
        [ 2.50122866e-02 -3.44311639e-02  5.09930018e-02  8.46822436e-02
        2.66041869e-02 -1.59739084e-01 -9.66628099e-02]
        [ 1.44272774e-02 -2.29488335e-02  1.71468153e-03 -3.00213060e-02
        6.88488564e-03  4.20709632e-01 -8.74741109e-02]
        [ 6.61079329e-04 -9.25836418e-04 -3.24661013e-03  2.20548176e-02
        -2.28075446e-02 -1.37108400e-02 -5.21323669e-03]
        [-1.40312961e-01  2.19179280e-01  2.02051533e-01 -3.71188001e-01
        -1.59715190e-01  2.73304980e-02  9.09811361e-01]]

    B_c =
        [[ 6.46388006e+01 -2.96076796e+01 -2.70572092e-01]
        [ 4.53280535e+02  2.49088349e+02  2.23901370e+00]
        [ 6.43927423e+02 -3.89040255e+02 -1.79139198e+01]
        [ 3.20859582e+02 -1.91041301e+02  5.99516295e+02]
        [ 2.31234203e+02 -4.05761107e+01 -1.71715138e+03]
        [ 1.32228432e+01  2.87309117e+00  6.01628017e+01]
        [-2.42487951e+03 -7.33255142e+01 -5.39227944e+01]]

    C_c =
        [[-3.09640595e-03  4.68045648e-03  3.33282271e-03 -6.25649712e-04
        -2.95420411e-04 -4.02867766e-05  1.50580868e-03]]

    D_c =
        [[ 0.29741294  0.00070928 -0.00116277]]

    A_cl =
        [[ 9.99862044e-01  1.22964189e-05  2.75795846e-07 -8.02852627e-06
        -1.97673362e-07 -1.20633524e-03 -2.45808305e-05  1.34977706e-07
        -2.04029216e-07 -1.45283522e-07  2.72731561e-08  1.28778881e-08
        1.75617047e-09 -6.56408120e-08]
        [ 1.16028672e-04  9.51612651e-01  4.84182601e-02 -4.54741670e-10
        2.60209154e-08 -1.20457748e-03 -1.72066246e-05  6.93083762e-08
        -1.04764958e-07 -7.46002088e-08  1.40042250e-08  6.61254026e-09
        9.01758721e-10 -3.37052558e-08]
        [ 4.32977360e-03 -1.90953931e+00  9.21204753e-01 -2.48855519e-08
        2.00028203e-06 -4.67006807e-02 -9.63684734e-04  5.32786946e-06
        -8.05348575e-06 -5.73466291e-06  1.07653197e-06  5.08318810e-07
        6.93199440e-08 -2.59098846e-06]
        [ 9.32472629e-07  4.51056383e-12 -1.45341699e-10  2.04616572e-02
        3.08688263e-02 -9.73032487e-06 -1.50528634e-07  6.34755645e-10
        -9.59482131e-10 -6.83220503e-10  1.28256661e-10  6.05604617e-11
        8.25869066e-12 -3.08687096e-10]
        [ 2.63894261e-05  2.46046028e-10 -1.06722005e-08 -3.04354278e+01
        -1.83095708e-02 -2.93660233e-04 -7.62292400e-06  4.66097756e-08
        -7.04542719e-08 -5.01685249e-08  9.41781963e-09  4.44692308e-09
        6.06431343e-10 -2.26667323e-08]
        [ 2.92438592e-02  0.00000000e+00  6.97415647e-05  0.00000000e+00
        -1.14331918e-04  9.01672541e-01  3.44904321e-02 -3.04461730e-04
        4.60217394e-04  3.27707989e-04 -6.15185466e-05 -2.90479384e-05
        -3.96129638e-06  1.48062341e-04]
        [ 1.02579009e+00  0.00000000e+00  2.44633261e-03  0.00000000e+00
        -4.01043338e-03 -3.44904321e+00  4.18806491e-01 -1.06796379e-02
        1.61430966e-02  1.14950495e-02 -2.15789289e-03 -1.01891776e-03
        -1.38950833e-04  5.19359919e-03]
        [ 6.46388006e+01  0.00000000e+00 -2.96076796e+01  0.00000000e+00
        -2.70572092e-01  0.00000000e+00  0.00000000e+00  7.42989333e-02
        7.25766269e-01  5.49747368e-01 -9.50311957e-02 -4.55852191e-02
        -9.11336245e-03  2.36216801e-01]
        [ 4.53280535e+02  0.00000000e+00  2.49088349e+02  0.00000000e+00
        2.23901370e+00  0.00000000e+00  0.00000000e+00  7.09792175e-03
        8.63850798e-01 -5.16010921e-02 -7.20109179e-02 -2.22940341e-02
        3.17920122e-03 -3.76083908e-02]
        [ 6.43927423e+02  0.00000000e+00 -3.89040255e+02  0.00000000e+00
        -1.79139198e+01  0.00000000e+00  0.00000000e+00  1.27260127e-01
        -9.64721117e-02  8.67931088e-01  1.30878975e-01  3.62047813e-02
        -1.91055728e-02  3.73342992e-03]
        [ 3.20859582e+02  0.00000000e+00 -1.91041301e+02  0.00000000e+00
        5.99516295e+02  0.00000000e+00  0.00000000e+00  2.50122866e-02
        -3.44311639e-02  5.09930018e-02  8.46822436e-02  2.66041869e-02
        -1.59739084e-01 -9.66628099e-02]
        [ 2.31234203e+02  0.00000000e+00 -4.05761107e+01  0.00000000e+00
        -1.71715138e+03  0.00000000e+00  0.00000000e+00  1.44272774e-02
        -2.29488335e-02  1.71468153e-03 -3.00213060e-02  6.88488564e-03
        4.20709632e-01 -8.74741109e-02]
        [ 1.32228432e+01  0.00000000e+00  2.87309117e+00  0.00000000e+00
        6.01628017e+01  0.00000000e+00  0.00000000e+00  6.61079329e-04
        -9.25836418e-04 -3.24661013e-03  2.20548176e-02 -2.28075446e-02
        -1.37108400e-02 -5.21323669e-03]
        [-2.42487951e+03  0.00000000e+00 -7.33255142e+01  0.00000000e+00
        -5.39227944e+01  0.00000000e+00  0.00000000e+00 -1.40312961e-01
        2.19179280e-01  2.02051533e-01 -3.71188001e-01 -1.59715190e-01
        2.73304980e-02  9.09811361e-01]]

----------------------------------------------------------------------------
